DATE,TYPE,REF #,DESCRIPTION,FEES,AMOUNT,BALANCE
2015-06-29,BUY,22740217,BOUGHT +CSKO 54 @64.93,7.95,-3514.17,3950.47
2015-07-02,DIV,27217440,ORDINARY DIVIDEND~HOOL,0,26.19,3976.66
2015-07-18,DIV,64873832,ORDINARY DIVIDEND~BAPL,0,9.80,3986.46
2015-07-19,BUY,51600680,BOUGHT +HOOL 31 @97.08,7.95,-3017.43,969.03
2015-07-26,DIV,75756901,ORDINARY DIVIDEND~HOOL,0,14.45,983.48
2015-08-18,DIV,28729581,ORDINARY DIVIDEND~CSKO,0,8.15,991.63
2015-08-31,DIV,97130478,ORDINARY DIVIDEND~BAPL,0,11.21,1002.84
2015-09-13,DIV,74624169,ORDINARY DIVIDEND~CSKO,0,12.47,1015.31
2015-09-19,DIV,86506548,ORDINARY DIVIDEND~MSFX,0,14.07,1029.38
